0 0.300000 0.424925 0.092000 0.165165
0 0.199000 0.072072 0.070000 0.096096
0 0.040000 0.663664 0.072000 0.120120
0 0.569000 0.548048 0.082000 0.129129
0 0.315000 0.603604 0.054000 0.108108
0 0.379000 0.585586 0.050000 0.066066
0 0.417000 0.648649 0.070000 0.060060
0 0.806000 0.671171 0.052000 0.105105
0 0.891000 0.755255 0.062000 0.093093
0 0.936000 0.572072 0.056000 0.093093
0 0.840000 0.445946 0.072000 0.075075
0 0.968000 0.436937 0.036000 0.099099
0 0.654000 0.172673 0.040000 0.069069
0 0.660000 0.325826 0.056000 0.105105
0 0.608000 0.424925 0.068000 0.069069
0 0.433000 0.358859 0.050000 0.123123
0 0.128000 0.412913 0.068000 0.093093
0 0.183000 0.385886 0.050000 0.087087
0 0.255000 0.591592 0.074000 0.054054
