0 0.209000 0.478667 0.178000 0.184000
0 0.083000 0.562667 0.114000 0.154667
0 0.055000 0.757333 0.082000 0.144000
0 0.329000 0.725333 0.166000 0.208000
0 0.530000 0.833333 0.216000 0.146667
0 0.745000 0.885333 0.186000 0.229333
0 0.554000 0.558667 0.128000 0.216000
0 0.664000 0.545333 0.100000 0.141333
0 0.199000 0.244000 0.110000 0.168000
0 0.310000 0.248000 0.096000 0.085333
0 0.450000 0.230667 0.152000 0.130667
0 0.564000 0.357333 0.088000 0.080000
0 0.391000 0.434667 0.134000 0.106667
0 0.780000 0.441333 0.128000 0.098667
0 0.813000 0.348000 0.122000 0.077333
0 0.668000 0.152000 0.116000 0.090667
0 0.265000 0.082667 0.066000 0.085333
0 0.087000 0.112000 0.086000 0.128000
0 0.346000 0.086667 0.056000 0.130667
0 0.856000 0.125333 0.124000 0.080000
0 0.962000 0.360000 0.076000 0.122667
0 0.970000 0.484000 0.052000 0.098667
0 0.688000 0.332000 0.052000 0.125333
0 0.626000 0.277333 0.084000 0.133333
