0 0.356000 0.270667 0.064000 0.082667
0 0.736000 0.108000 0.100000 0.066667
0 0.789000 0.170667 0.082000 0.074667
0 0.615000 0.264000 0.058000 0.096000
0 0.486000 0.348000 0.068000 0.093333
0 0.380000 0.610667 0.048000 0.074667
0 0.607000 0.618667 0.102000 0.080000
0 0.713000 0.562667 0.070000 0.058667
0 0.454000 0.452000 0.072000 0.045333
0 0.464000 0.584000 0.044000 0.085333
0 0.306000 0.332000 0.064000 0.072000
0 0.338000 0.140000 0.052000 0.056000
0 0.142000 0.776000 0.072000 0.090667
0 0.099000 0.580000 0.038000 0.061333
0 0.326000 0.489333 0.056000 0.077333
0 0.316000 0.606667 0.048000 0.056000
0 0.407000 0.709333 0.066000 0.042667
0 0.567000 0.761333 0.090000 0.040000
0 0.026000 0.389333 0.044000 0.096000
0 0.079000 0.122667 0.050000 0.096000
0 0.223000 0.657333 0.030000 0.072000
0 0.244000 0.956000 0.044000 0.072000
0 0.340000 0.757333 0.072000 0.037333
