0 0.424000 0.660661 0.060000 0.078078
0 0.345000 0.759760 0.074000 0.048048
0 0.273000 0.579580 0.070000 0.060060
0 0.679000 0.738739 0.074000 0.060060
0 0.832000 0.690691 0.056000 0.048048
0 0.212000 0.537538 0.072000 0.084084
0 0.142000 0.618619 0.044000 0.060060
0 0.064000 0.584084 0.040000 0.039039
0 0.356000 0.837838 0.072000 0.054054
0 0.589000 0.815315 0.054000 0.063063
0 0.670000 0.800300 0.088000 0.057057
0 0.646000 0.845345 0.052000 0.069069
0 0.748000 0.774775 0.044000 0.078078
0 0.795000 0.743243 0.058000 0.063063
0 0.766000 0.858859 0.040000 0.066066
0 0.825000 0.867868 0.030000 0.084084
0 0.875000 0.887387 0.054000 0.057057
0 0.718000 0.636637 0.044000 0.054054
0 0.630000 0.560060 0.064000 0.051051
0 0.495000 0.609610 0.074000 0.048048
0 0.810000 0.478979 0.060000 0.045045
0 0.367000 0.585586 0.070000 0.060060
0 0.255000 0.744745 0.078000 0.042042
0 0.271000 0.789790 0.070000 0.042042
0 0.109000 0.713213 0.058000 0.075075
0 0.475000 0.475976 0.058000 0.063063
0 0.166000 0.441441 0.044000 0.084084
