0 0.369000 0.539039 0.130000 0.189189
0 0.519000 0.370871 0.134000 0.225225
0 0.242000 0.765766 0.084000 0.072072
0 0.132000 0.714715 0.064000 0.060060
0 0.089000 0.690691 0.050000 0.114114
0 0.515000 0.722222 0.046000 0.069069
0 0.397000 0.704204 0.042000 0.051051
0 0.247000 0.528529 0.086000 0.144144
0 0.300000 0.909910 0.052000 0.054054
0 0.258000 0.951952 0.068000 0.036036
0 0.128000 0.876877 0.088000 0.060060
0 0.730000 0.612613 0.088000 0.054054
0 0.702000 0.812312 0.104000 0.057057
0 0.370000 0.295796 0.088000 0.075075
0 0.824000 0.696697 0.060000 0.054054
0 0.538000 0.189189 0.104000 0.114114
0 0.894000 0.094595 0.056000 0.093093
