0 0.197500 0.693431 0.375000 0.204380
0 0.765000 0.810219 0.330000 0.218978
0 0.522500 0.737226 0.165000 0.277372
0 0.380000 0.485401 0.230000 0.167883
0 0.110000 0.405109 0.200000 0.124088
0 0.087500 0.543796 0.165000 0.094891
0 0.377500 0.291971 0.215000 0.131387
0 0.675000 0.251825 0.270000 0.109489
0 0.870000 0.357664 0.260000 0.145985
0 0.705000 0.609489 0.290000 0.153285
0 0.610000 0.485401 0.180000 0.138686
0 0.927500 0.160584 0.145000 0.145985
0 0.402500 0.145985 0.205000 0.160584
0 0.240000 0.153285 0.090000 0.262774
0 0.655000 0.094891 0.230000 0.116788
