0 0.536000 0.360000 0.076000 0.069333
0 0.407000 0.293333 0.078000 0.064000
0 0.406000 0.154667 0.076000 0.074667
0 0.191000 0.204000 0.130000 0.088000
0 0.179000 0.273333 0.122000 0.061333
0 0.159000 0.373333 0.094000 0.069333
0 0.289000 0.384000 0.074000 0.090667
0 0.575000 0.280000 0.054000 0.037333
0 0.653000 0.276000 0.042000 0.088000
0 0.695000 0.258667 0.042000 0.048000
0 0.717000 0.349333 0.038000 0.058667
0 0.768000 0.276000 0.032000 0.056000
0 0.621000 0.398667 0.054000 0.072000
0 0.702000 0.578667 0.072000 0.112000
0 0.748000 0.474667 0.072000 0.058667
0 0.827000 0.412000 0.050000 0.072000
0 0.807000 0.334667 0.046000 0.045333
