0 0.042000 0.562667 0.040000 0.042667
0 0.323000 0.556000 0.042000 0.029333
0 0.194000 0.592000 0.032000 0.021333
0 0.242000 0.704000 0.044000 0.032000
0 0.179000 0.700000 0.030000 0.029333
0 0.127000 0.694667 0.026000 0.018667
0 0.112000 0.746667 0.032000 0.021333
0 0.159000 0.761333 0.050000 0.050667
0 0.408000 0.538667 0.032000 0.032000
0 0.457000 0.558667 0.026000 0.045333
0 0.132000 0.582667 0.016000 0.024000
0 0.157000 0.622667 0.034000 0.024000
0 0.084000 0.621333 0.048000 0.032000
0 0.079000 0.653333 0.030000 0.032000
0 0.541000 0.534667 0.018000 0.040000
0 0.352000 0.500000 0.016000 0.029333
0 0.423000 0.478667 0.042000 0.034667
0 0.865000 0.454667 0.038000 0.040000
0 0.472000 0.494667 0.036000 0.040000
0 0.610000 0.402667 0.060000 0.005333
