0 0.252000 0.438667 0.088000 0.114667
0 0.324000 0.440000 0.060000 0.117333
0 0.420000 0.394667 0.128000 0.085333
0 0.642000 0.310667 0.132000 0.109333
0 0.727000 0.426667 0.082000 0.101333
0 0.869000 0.314667 0.106000 0.106667
0 0.762000 0.298667 0.072000 0.096000
0 0.599000 0.525333 0.110000 0.165333
0 0.471000 0.485333 0.106000 0.133333
0 0.226000 0.845333 0.148000 0.085333
0 0.765000 0.600000 0.162000 0.149333
0 0.913000 0.538667 0.066000 0.101333
0 0.500000 0.678667 0.104000 0.130667
0 0.631000 0.734667 0.114000 0.093333
0 0.684000 0.928000 0.116000 0.106667
0 0.877000 0.789333 0.070000 0.096000
