0 0.072864 0.286765 0.115578 0.066176
0 0.037688 0.068015 0.065327 0.084559
0 0.178392 0.250000 0.115578 0.073529
0 0.047739 0.380515 0.085427 0.040441
0 0.158291 0.384191 0.115578 0.040441
0 0.216080 0.341912 0.080402 0.080882
0 0.432161 0.402574 0.100503 0.091912
0 0.399497 0.474265 0.075377 0.066176
0 0.374372 0.571691 0.135678 0.055147
0 0.145729 0.446691 0.120603 0.047794
0 0.474874 0.529412 0.075377 0.125000
0 0.329146 0.731618 0.095477 0.110294
0 0.419598 0.715074 0.095477 0.077206
0 0.500000 0.715074 0.045226 0.055147
0 0.118090 0.806985 0.105528 0.069853
0 0.057789 0.821691 0.085427 0.062500
0 0.163317 0.948529 0.085427 0.066176
0 0.605528 0.884191 0.155779 0.062500
0 0.675879 0.832721 0.105528 0.077206
0 0.796482 0.751838 0.095477 0.062500
0 0.884422 0.772059 0.050251 0.073529
0 0.939698 0.852941 0.070352 0.066176
0 0.924623 0.950368 0.090452 0.069853
0 0.781407 0.946691 0.115578 0.106618
0 0.507538 0.977941 0.150754 0.044118
0 0.560302 0.612132 0.145729 0.033088
